1 -77228.778 4414656.215 182.77 0 -0.15 3.33
1 -77228.785 4414656.068 182.77 0 0.12 3.33
1 -77228.792 4414655.921 183.31 0 0.11 3.33
1 -77228.805 4414655.700 183.60 0 0.18 3.33
1 -77228.820 4414655.470 180.03 0 0.09 3.33
1 -77228.820 4414655.277 182.68 0 0.21 3.33
1 -77228.829 4414655.087 186.85 0 0.15 3.33
1 -77228.853 4414654.883 183.45 0 -0.10 3.33
1 -77228.865 4414654.682 180.96 0 -0.12 3.33
1 -77228.868 4414654.500 180.96 0 0.12 3.33
1 -77228.871 4414654.317 180.96 0 0.13 3.33
1 -77228.874 4414654.134 179.87 0 0.03 3.33
1 -77228.874 4414653.927 182.83 0 0.04 3.33
1 -77228.884 4414653.724 178.21 0 -0.52 3.33
1 -77228.878 4414653.521 182.91 0 -0.16 3.33
1 -77228.889 4414653.290 182.91 0 -0.12 3.33
1 -77228.901 4414653.060 176.56 0 -0.11 3.33
1 -77228.888 4414652.841 179.07 0 0.10 3.33
1 -77228.885 4414652.637 182.89 0 0.09 3.33
1 -77228.895 4414652.424 186.82 0 0.04 3.33
1 -77228.920 4414652.215 176.70 0 -0.13 3.33
1 -77228.909 4414652.010 176.70 0 0.10 3.33
1 -77228.897 4414651.806 176.70 0 0.22 3.33
1 -77228.885 4414651.601 176.70 0 0.52 3.33
1 -77228.873 4414651.396 176.78 0 0.44 3.33
1 -77228.862 4414651.190 179.24 0 0.35 3.33
1 -77228.859 4414650.987 182.14 0 0.23 3.33
1 -77228.866 4414650.787 180.45 0 -0.03 3.33
1 -77228.868 4414650.583 180.68 0 -0.21 3.33
1 -77228.870 4414650.380 180.18 0 -0.01 3.33
1 -77228.871 4414650.181 180.20 0 -0.12 3.33
1 -77228.872 4414649.984 183.00 0 -0.18 3.33
1 -77228.882 4414649.786 181.64 0 -0.30 3.33
1 -77228.889 4414649.546 181.64 0 -0.32 3.33
1 -77228.896 4414649.305 181.64 0 -0.32 3.33
1 -77228.903 4414649.065 181.31 0 -0.19 3.33
1 -77228.907 4414648.865 181.55 0 -0.36 3.33
1 -77228.912 4414648.670 180.48 0 -0.36 3.33
1 -77228.914 4414648.475 180.57 0 -0.33 3.33
1 -77228.916 4414648.283 182.21 0 -0.31 3.33
1 -77228.924 4414648.080 179.03 0 -0.21 3.33
1 -77228.921 4414647.889 180.09 0 -0.21 3.33
1 -77228.921 4414647.695 180.09 0 -0.08 3.33
1 -77228.921 4414647.502 180.48 0 0.06 3.33
1 -77228.923 4414647.313 180.42 0 0.04 3.33
1 -77228.924 4414647.119 176.15 0 0.03 3.33
1 -77228.912 4414646.930 178.74 0 0.23 3.33
1 -77228.906 4414646.698 178.74 0 0.17 3.33
1 -77228.901 4414646.467 179.09 0 0.27 3.33
1 -77228.898 4414646.272 179.74 0 0.20 3.33
1 -77228.897 4414646.072 178.65 0 0.14 3.33
1 -77228.893 4414645.871 178.78 0 0.15 3.33
1 -77228.888 4414645.664 180.83 0 0.15 3.33
1 -77228.891 4414645.461 180.02 0 0.23 3.33
1 -77228.891 4414645.262 178.32 0 0.22 3.33
1 -77228.884 4414645.025 178.32 0 0.30 3.33
1 -77228.877 4414644.787 180.81 0 0.34 3.33
1 -77228.880 4414644.589 186.76 0 0.26 3.33
1 -77228.903 4414644.399 178.49 0 -0.25 3.33
1 -77228.897 4414644.183 180.47 0 -0.12 3.33
1 -77228.899 4414643.974 181.49 0 -0.20 3.33
1 -77228.904 4414643.772 181.49 0 -0.27 3.33
1 -77228.909 4414643.570 179.78 0 -0.30 3.33
1 -77228.909 4414643.370 175.13 0 -0.11 3.33
1 -77228.892 4414643.171 180.30 0 0.01 3.33
1 -77228.893 4414642.966 181.70 0 0.04 3.33
1 -77228.899 4414642.766 180.19 0 0.32 3.33
1 -77228.899 4414642.560 180.74 0 0.20 3.33
1 -77228.902 4414642.358 180.20 0 0.10 3.33
1 -77228.902 4414642.178 180.20 0 0.17 3.33
1 -77228.903 4414641.998 180.20 0 0.20 3.33
1 -77228.904 4414641.818 181.84 0 0.22 3.33
1 -77228.910 4414641.611 185.61 0 0.13 3.33
1 -77228.930 4414641.414 182.70 0 -0.06 3.33
1 -77228.941 4414641.177 182.70 0 -0.14 3.33
1 -77228.952 4414640.940 182.52 0 -0.19 3.33
1 -77228.961 4414640.737 182.48 0 0.07 3.33
1 -77228.970 4414640.539 184.96 0 -0.18 3.33
1 -77228.987 4414640.336 180.43 0 -0.15 3.33
1 -77228.988 4414640.200 180.43 0 -0.04 3.33
1 -77228.989 4414640.063 189.03 0 0.01 3.33
1 -77229.021 4414639.861 184.47 0 -0.24 3.33
1 -77229.037 4414639.665 187.48 0 -0.22 3.33
1 -77229.061 4414639.482 183.49 0 -0.36 3.33
1 -77229.073 4414639.285 185.35 0 -0.26 3.33
1 -77229.090 4414639.094 184.08 0 -0.29 3.33
1 -77229.105 4414638.886 181.17 0 -0.40 3.33
1 -77229.109 4414638.699 181.17 0 -0.36 3.33
1 -77229.113 4414638.511 186.79 0 -0.24 3.33
1 -77229.136 4414638.321 183.15 0 -0.04 3.33
1 -77229.146 4414638.128 179.70 0 -0.12 3.33
1 -77229.145 4414637.946 180.86 0 -0.05 3.33
1 -77229.148 4414637.755 165.38 0 -0.07 3.33
1 -77229.104 4414637.585 181.54 0 0.41 3.33
1 -77229.109 4414637.399 181.42 0 0.14 3.33
1 -77229.113 4414637.222 181.42 0 0.01 3.33
1 -77229.118 4414637.044 181.42 0 -0.05 3.33
1 -77229.122 4414636.867 180.37 0 -0.16 3.33
1 -77229.123 4414636.675 182.67 0 -0.21 3.33
1 -77229.133 4414636.479 182.02 0 -0.23 3.33
1 -77229.139 4414636.289 182.02 0 -0.30 3.33
1 -77229.146 4414636.099 182.02 0 -0.22 3.33
1 -77229.153 4414635.909 189.64 0 -0.18 3.33
1 -77229.187 4414635.709 182.40 0 -0.43 3.33
1 -77229.196 4414635.485 181.04 0 -0.31 3.33
1 -77229.200 4414635.248 181.04 0 -0.36 3.33
1 -77229.205 4414635.011 177.60 0 -0.33 3.33
1 -77229.196 4414634.814 174.07 0 -0.21 3.33
1 -77229.177 4414634.627 183.87 0 0.22 3.33
1 -77229.192 4414634.406 176.34 0 -0.13 3.33
1 -77229.179 4414634.202 176.34 0 -0.10 3.33
1 -77229.166 4414633.998 176.34 0 0.09 3.33
1 -77229.153 4414633.795 176.34 0 0.19 3.33
1 -77229.140 4414633.591 176.39 0 0.23 3.33
1 -77229.127 4414633.388 180.60 0 0.25 3.33
1 -77229.129 4414633.178 172.83 0 0.11 3.33
1 -77229.104 4414632.980 175.81 0 0.29 3.33
1 -77229.091 4414632.801 175.81 0 0.22 3.33
1 -77229.078 4414632.621 175.81 0 0.21 3.33
1 -77229.065 4414632.441 180.57 0 0.21 3.33
1 -77229.067 4414632.232 175.72 0 0.47 3.33
1 -77229.052 4414632.036 180.83 0 0.48 3.33
1 -77229.055 4414631.829 183.42 0 0.15 3.33
1 -77229.067 4414631.626 180.73 0 0.07 3.33
1 -77229.070 4414631.387 180.73 0 -0.08 3.33
1 -77229.073 4414631.148 183.01 0 -0.15 3.33
1 -77229.083 4414630.963 180.53 0 -0.17 3.33
1 -77229.085 4414630.764 184.58 0 -0.10 3.33
1 -77229.101 4414630.560 181.10 0 -0.29 3.33
1 -77229.105 4414630.344 181.10 0 -0.28 3.33
1 -77229.110 4414630.128 181.10 0 -0.18 3.33
1 -77229.114 4414629.912 181.10 0 -0.10 3.33
1 -77229.118 4414629.696 185.96 0 -0.12 3.33
1 -77229.140 4414629.488 183.31 0 -0.25 3.33
1 -77229.151 4414629.291 184.26 0 -0.23 3.33
1 -77229.161 4414629.157 184.26 0 -0.18 3.33
1 -77229.171 4414629.023 183.67 0 -0.21 3.33
1 -77229.183 4414628.835 174.83 0 -0.14 3.33
1 -77229.167 4414628.658 178.54 0 0.16 3.33
1 -77229.162 4414628.460 176.17 0 0.14 3.33
1 -77229.146 4414628.217 176.17 0 0.20 3.33
1 -77229.129 4414627.974 176.17 0 0.23 3.33
1 -77229.113 4414627.732 181.05 0 0.25 3.33
1 -77229.117 4414627.547 177.28 0 0.11 3.33
1 -77229.108 4414627.363 181.30 0 0.16 3.33
1 -77229.112 4414627.171 191.27 0 0.05 3.33
1 -77229.157 4414626.944 181.35 0 -0.32 3.33
1 -77229.162 4414626.746 180.88 0 -0.19 3.33
1 -77229.165 4414626.554 183.90 0 -0.11 3.33
1 -77229.178 4414626.370 183.90 0 -0.17 3.33
1 -77229.190 4414626.186 183.90 0 -0.20 3.33
1 -77229.203 4414626.002 182.65 0 -0.22 3.33
1 -77229.212 4414625.800 181.57 0 -0.18 3.33
1 -77229.218 4414625.598 179.07 0 -0.13 3.33
1 -77229.214 4414625.366 179.07 0 -0.01 3.33
1 -77229.210 4414625.134 187.78 0 0.05 3.33
1 -77229.239 4414624.920 175.66 0 -0.25 3.33
1 -77229.225 4414624.733 183.15 0 0.06 3.33
1 -77229.236 4414624.527 181.36 0 -0.07 3.33
1 -77229.241 4414624.320 181.36 0 -0.07 3.33
1 -77229.246 4414624.113 181.36 0 -0.07 3.33
1 -77229.251 4414623.907 181.36 0 -0.07 3.33
1 -77229.256 4414623.700 179.27 0 -0.07 3.33
1 -77229.253 4414623.494 180.97 0 0.02 3.33
1 -77229.257 4414623.301 180.16 0 -0.01 3.33
1 -77229.257 4414623.101 176.06 0 0.01 3.33
1 -77229.244 4414622.907 176.06 0 0.20 3.33
1 -77229.230 4414622.712 179.07 0 0.30 3.33
1 -77229.227 4414622.517 189.47 0 0.22 3.33
1 -77229.262 4414622.309 180.00 0 -0.31 3.33
1 -77229.262 4414622.113 179.83 0 -0.13 3.33
1 -77229.261 4414621.915 179.55 0 -0.03 3.33
1 -77229.259 4414621.699 179.55 0 0.03 3.33
1 -77229.258 4414621.484 179.55 0 0.07 3.33
1 -77229.256 4414621.269 179.55 0 0.08 3.33
1 -77229.254 4414621.053 179.55 0 0.09 3.33
1 -77229.253 4414620.838 177.19 0 0.10 3.33
1 -77229.243 4414620.645 176.11 0 0.24 3.33
1 -77229.230 4414620.450 178.65 0 0.37 3.33
1 -77229.225 4414620.240 175.92 0 0.29 3.33
1 -77229.212 4414620.052 179.78 0 0.42 3.33
1 -77229.211 4414619.814 179.78 0 0.26 3.33
1 -77229.210 4414619.576 178.41 0 0.18 3.33
1 -77229.205 4414619.384 179.25 0 0.22 3.33
1 -77229.202 4414619.177 174.46 0 0.20 3.33
1 -77229.184 4414618.991 176.22 0 0.51 3.33
1 -77229.169 4414618.772 176.22 0 0.56 3.33
1 -77229.155 4414618.553 184.65 0 0.59 3.33
1 -77229.173 4414618.330 176.02 0 -0.01 3.33
1 -77229.159 4414618.133 175.23 0 0.34 3.33
1 -77229.143 4414617.938 180.91 0 0.59 3.33
1 -77229.147 4414617.712 180.91 0 0.27 3.33
1 -77229.150 4414617.485 180.91 0 0.10 3.33
1 -77229.154 4414617.259 180.91 0 0.02 3.33
1 -77229.157 4414617.032 179.94 0 -0.03 3.33
1 -77229.157 4414616.833 180.63 0 0.04 3.33
1 -77229.159 4414616.638 178.15 0 0.01 3.33
1 -77229.153 4414616.439 179.27 0 0.25 3.33
1 -77229.150 4414616.213 179.27 0 0.27 3.33
1 -77229.147 4414615.987 192.46 0 0.28 3.33
2 -77229.191 4414615.789 183.99 0 -1.31 3.33
2 -77229.205 4414615.587 177.69 0 -1.10 3.33
2 -77229.197 4414615.393 183.15 0 -0.17 3.33
2 -77229.208 4414615.197 177.16 0 -0.45 3.33
2 -77229.198 4414615.000 177.16 0 0.28 3.33
2 -77229.188 4414614.804 179.79 0 0.68 3.33
2 -77229.188 4414614.608 180.20 0 0.46 3.33
2 -77229.188 4414614.413 176.81 0 0.29 3.33
2 -77229.178 4414614.222 176.77 0 0.87 3.33
2 -77229.167 4414614.034 179.56 0 1.23 3.33
2 -77229.165 4414613.830 180.96 0 0.84 3.33
2 -77229.169 4414613.634 178.72 0 0.31 3.33
2 -77229.164 4414613.429 179.75 0 0.67 3.33
2 -77229.163 4414613.188 179.75 0 0.59 3.33
2 -77229.162 4414612.948 182.14 0 0.60 3.33
2 -77229.170 4414612.738 180.18 0 -0.46 3.33
2 -77229.170 4414612.551 182.50 0 -0.03 3.33
2 -77229.180 4414612.323 182.50 0 -1.52 3.33
2 -77229.190 4414612.094 180.53 0 -3.08 3.33
2 -77229.193 4414611.862 184.41 0 -1.54 3.33
2 -77229.207 4414611.670 184.41 0 -1.54 3.33
